Nom: Sommets200_Aretes3980
Oriente(non/oui): non
NbSommets: 200
NbArcs: 7960
--- Liste des sommets
0 noeud0
1 noeud1
2 noeud2
3 noeud3
4 noeud4
5 noeud5
6 noeud6
7 noeud7
8 noeud8
9 noeud9
10 noeud10
11 noeud11
12 noeud12
13 noeud13
14 noeud14
15 noeud15
16 noeud16
17 noeud17
18 noeud18
19 noeud19
20 noeud20
21 noeud21
22 noeud22
23 noeud23
24 noeud24
25 noeud25
26 noeud26
27 noeud27
28 noeud28
29 noeud29
30 noeud30
31 noeud31
32 noeud32
33 noeud33
34 noeud34
35 noeud35
36 noeud36
37 noeud37
38 noeud38
39 noeud39
40 noeud40
41 noeud41
42 noeud42
43 noeud43
44 noeud44
45 noeud45
46 noeud46
47 noeud47
48 noeud48
49 noeud49
50 noeud50
51 noeud51
52 noeud52
53 noeud53
54 noeud54
55 noeud55
56 noeud56
57 noeud57
58 noeud58
59 noeud59
60 noeud60
61 noeud61
62 noeud62
63 noeud63
64 noeud64
65 noeud65
66 noeud66
67 noeud67
68 noeud68
69 noeud69
70 noeud70
71 noeud71
72 noeud72
73 noeud73
74 noeud74
75 noeud75
76 noeud76
77 noeud77
78 noeud78
79 noeud79
80 noeud80
81 noeud81
82 noeud82
83 noeud83
84 noeud84
85 noeud85
86 noeud86
87 noeud87
88 noeud88
89 noeud89
90 noeud90
91 noeud91
92 noeud92
93 noeud93
94 noeud94
95 noeud95
96 noeud96
97 noeud97
98 noeud98
99 noeud99
100 noeud100
101 noeud101
102 noeud102
103 noeud103
104 noeud104
105 noeud105
106 noeud106
107 noeud107
108 noeud108
109 noeud109
110 noeud110
111 noeud111
112 noeud112
113 noeud113
114 noeud114
115 noeud115
116 noeud116
117 noeud117
118 noeud118
119 noeud119
120 noeud120
121 noeud121
122 noeud122
123 noeud123
124 noeud124
125 noeud125
126 noeud126
127 noeud127
128 noeud128
129 noeud129
130 noeud130
131 noeud131
132 noeud132
133 noeud133
134 noeud134
135 noeud135
136 noeud136
137 noeud137
138 noeud138
139 noeud139
140 noeud140
141 noeud141
142 noeud142
143 noeud143
144 noeud144
145 noeud145
146 noeud146
147 noeud147
148 noeud148
149 noeud149
150 noeud150
151 noeud151
152 noeud152
153 noeud153
154 noeud154
155 noeud155
156 noeud156
157 noeud157
158 noeud158
159 noeud159
160 noeud160
161 noeud161
162 noeud162
163 noeud163
164 noeud164
165 noeud165
166 noeud166
167 noeud167
168 noeud168
169 noeud169
170 noeud170
171 noeud171
172 noeud172
173 noeud173
174 noeud174
175 noeud175
176 noeud176
177 noeud177
178 noeud178
179 noeud179
180 noeud180
181 noeud181
182 noeud182
183 noeud183
184 noeud184
185 noeud185
186 noeud186
187 noeud187
188 noeud188
189 noeud189
190 noeud190
191 noeud191
192 noeud192
193 noeud193
194 noeud194
195 noeud195
196 noeud196
197 noeud197
198 noeud198
199 noeud199
--- Liste des aretes
0 7
0 182
0 88
0 53
0 145
0 14
0 144
0 149
0 138
0 153
0 132
0 128
0 84
0 97
0 102
0 49
0 104
0 152
0 54
0 73
0 197
0 134
0 58
0 194
0 163
0 48
0 162
0 17
0 141
0 181
0 82
0 131
0 160
0 129
0 40
0 188
0 130
0 43
0 92
0 41
0 150
1 129
1 34
1 97
1 23
1 168
1 98
1 16
1 154
1 11
1 4
1 47
1 69
1 121
1 132
1 140
1 76
1 80
1 83
1 93
1 89
1 56
1 44
1 43
1 73
1 141
1 38
1 138
1 77
1 64
1 192
1 14
1 88
1 28
1 42
1 177
2 183
2 22
2 101
2 164
2 191
2 126
2 143
2 148
2 129
2 199
2 14
2 89
2 51
2 152
2 18
2 63
2 172
2 166
2 124
2 7
2 27
2 94
2 4
2 133
2 138
2 120
2 123
2 31
2 130
3 17
3 25
3 18
3 191
3 51
3 63
3 82
3 90
3 93
3 55
3 158
3 156
3 12
3 129
3 87
3 115
3 45
3 148
3 165
3 161
3 73
3 194
3 81
3 141
3 152
3 101
3 26
3 20
3 192
3 36
3 37
3 143
3 184
4 185
4 118
4 138
4 28
4 112
4 169
4 140
4 84
4 188
4 72
4 197
4 83
4 99
4 1
4 5
4 187
4 163
4 198
4 41
4 103
4 38
4 18
4 180
4 32
4 12
4 7
4 102
4 70
4 52
4 2
4 82
4 17
4 165
4 74
4 190
4 100
4 111
4 135
4 192
5 35
5 170
5 152
5 121
5 100
5 53
5 154
5 131
5 69
5 29
5 171
5 164
5 118
5 194
5 186
5 23
5 4
5 78
5 50
5 107
5 192
5 25
5 174
5 73
5 103
5 81
5 145
5 185
5 88
5 67
5 195
5 122
5 39
5 138
5 129
5 76
5 160
5 142
6 125
6 195
6 33
6 193
6 163
6 105
6 91
6 97
6 88
6 146
6 72
6 87
6 16
6 144
6 75
6 159
6 119
6 92
6 181
6 118
6 78
6 128
6 187
6 63
6 122
6 50
6 20
6 124
6 120
6 96
6 147
6 40
6 121
6 42
7 0
7 186
7 109
7 176
7 193
7 88
7 160
7 140
7 126
7 170
7 34
7 123
7 173
7 28
7 68
7 61
7 103
7 2
7 101
7 118
7 13
7 121
7 4
7 158
7 20
7 27
7 98
7 26
7 187
7 95
7 53
7 179
7 100
7 36
7 147
7 51
7 35
7 84
8 81
8 83
8 150
8 169
8 10
8 135
8 63
8 12
8 19
8 186
8 156
8 94
8 172
8 103
8 76
8 73
8 193
8 37
8 148
8 106
8 42
8 89
8 49
8 132
8 119
8 136
8 99
8 116
8 20
8 155
8 199
9 54
9 38
9 171
9 70
9 14
9 19
9 45
9 118
9 82
9 84
9 40
9 87
9 156
9 134
9 126
9 158
9 192
9 135
9 107
9 129
9 121
9 100
9 153
9 83
9 33
9 89
9 161
9 119
9 146
9 27
9 85
9 194
9 55
9 122
9 179
9 81
9 99
9 63
9 86
9 65
9 164
9 174
9 120
9 155
9 75
9 88
9 78
10 196
10 55
10 48
10 140
10 93
10 155
10 8
10 193
10 171
10 121
10 142
10 174
10 102
10 160
10 98
10 199
10 139
10 42
10 168
10 154
10 52
10 20
10 49
10 173
10 51
10 77
10 31
10 175
10 123
10 37
10 82
10 75
10 106
10 36
10 163
10 34
10 138
10 46
10 117
11 128
11 133
11 89
11 68
11 189
11 145
11 49
11 97
11 86
11 1
11 154
11 50
11 28
11 182
11 38
11 156
11 90
11 43
11 121
11 152
11 48
11 83
11 82
11 26
11 18
11 69
11 184
11 27
11 13
11 17
11 136
11 30
11 80
11 187
11 88
11 44
11 109
11 72
11 197
11 36
11 191
12 93
12 144
12 188
12 196
12 62
12 165
12 70
12 192
12 124
12 138
12 38
12 8
12 33
12 113
12 37
12 87
12 129
12 43
12 95
12 30
12 3
12 195
12 86
12 66
12 69
12 67
12 4
12 111
12 130
12 57
12 160
12 25
12 100
12 47
12 17
12 61
12 15
12 115
12 187
12 20
13 144
13 113
13 103
13 128
13 166
13 179
13 23
13 112
13 16
13 173
13 76
13 55
13 137
13 15
13 57
13 63
13 116
13 154
13 81
13 149
13 7
13 190
13 24
13 122
13 87
13 189
13 125
13 98
13 182
13 86
13 11
13 143
13 89
13 49
13 46
13 85
13 197
14 199
14 175
14 190
14 9
14 133
14 152
14 0
14 166
14 125
14 36
14 60
14 32
14 2
14 90
14 174
14 139
14 29
14 159
14 61
14 195
14 82
14 120
14 103
14 142
14 170
14 39
14 153
14 165
14 24
14 180
14 79
14 96
14 78
14 173
14 101
14 1
14 164
14 33
14 119
15 69
15 25
15 173
15 156
15 20
15 158
15 82
15 151
15 143
15 118
15 108
15 196
15 13
15 31
15 72
15 180
15 84
15 77
15 102
15 164
15 101
15 45
15 74
15 86
15 123
15 112
15 163
15 17
15 165
15 67
15 19
15 51
15 147
15 12
15 107
15 188
15 62
15 137
16 58
16 182
16 39
16 27
16 13
16 1
16 116
16 140
16 115
16 78
16 54
16 6
16 175
16 73
16 196
16 26
16 164
16 46
16 30
16 74
16 31
16 94
16 81
16 135
16 146
16 121
16 64
16 147
16 53
16 169
16 171
16 199
16 105
16 42
16 21
16 104
16 20
16 109
16 119
17 136
17 41
17 3
17 186
17 95
17 49
17 141
17 154
17 130
17 157
17 122
17 155
17 117
17 182
17 111
17 59
17 146
17 131
17 79
17 150
17 112
17 80
17 0
17 176
17 46
17 58
17 4
17 11
17 15
17 189
17 85
17 23
17 12
17 27
17 140
17 44
18 122
18 188
18 179
18 3
18 62
18 118
18 193
18 191
18 93
18 119
18 178
18 117
18 2
18 4
18 75
18 153
18 130
18 76
18 22
18 66
18 71
18 46
18 105
18 100
18 27
18 11
18 98
18 143
18 155
18 185
18 72
18 92
18 91
18 74
18 42
18 44
18 65
18 63
18 172
18 173
18 124
18 20
19 26
19 98
19 147
19 9
19 82
19 44
19 86
19 164
19 24
19 139
19 191
19 176
19 25
19 8
19 101
19 80
19 85
19 30
19 49
19 160
19 62
19 187
19 194
19 64
19 48
19 100
19 63
19 68
19 33
19 127
19 35
19 179
19 36
19 61
19 87
19 109
19 15
19 60
19 119
19 89
19 95
19 76
19 57
19 131
20 148
20 55
20 173
20 15
20 136
20 75
20 154
20 196
20 64
20 10
20 49
20 145
20 102
20 188
20 86
20 123
20 7
20 109
20 68
20 141
20 66
20 139
20 38
20 3
20 6
20 101
20 60
20 34
20 116
20 178
20 198
20 8
20 16
20 67
20 12
20 18
20 155
21 26
21 63
21 189
21 156
21 123
21 162
21 136
21 23
21 165
21 25
21 47
21 107
21 111
21 85
21 171
21 38
21 66
21 182
21 153
21 83
21 97
21 115
21 82
21 112
21 30
21 196
21 57
21 168
21 39
21 27
21 173
21 32
21 140
21 132
21 75
21 131
21 42
21 16
21 135
21 36
21 87
22 88
22 152
22 182
22 114
22 105
22 2
22 185
22 37
22 142
22 138
22 38
22 178
22 156
22 155
22 78
22 18
22 169
22 133
22 96
22 81
22 94
22 137
22 121
22 47
22 91
22 29
22 44
23 63
23 144
23 192
23 170
23 155
23 21
23 153
23 43
23 1
23 13
23 53
23 5
23 54
23 132
23 112
23 184
23 82
23 171
23 100
23 78
23 39
23 95
23 190
23 59
23 162
23 193
23 136
23 114
23 51
23 124
23 34
23 38
23 46
23 129
23 41
23 32
23 180
23 177
23 17
23 90
23 182
23 176
23 150
24 72
24 42
24 36
24 52
24 19
24 94
24 81
24 156
24 30
24 171
24 145
24 54
24 195
24 184
24 89
24 117
24 151
24 199
24 80
24 131
24 169
24 85
24 182
24 67
24 13
24 65
24 127
24 146
24 87
24 128
24 120
24 14
24 55
24 75
24 129
24 111
24 25
24 163
25 29
25 188
25 136
25 15
25 3
25 60
25 72
25 95
25 187
25 21
25 191
25 106
25 99
25 89
25 19
25 128
25 42
25 122
25 114
25 5
25 50
25 146
25 34
25 107
25 172
25 197
25 118
25 180
25 45
25 109
25 46
25 12
25 85
25 116
25 199
25 80
25 98
25 110
25 168
25 68
25 193
25 77
25 125
25 100
25 24
25 176
25 196
25 120
26 19
26 21
26 67
26 99
26 131
26 29
26 183
26 176
26 114
26 147
26 181
26 175
26 187
26 112
26 58
26 165
26 16
26 65
26 135
26 173
26 160
26 167
26 153
26 120
26 11
26 7
26 35
26 3
26 182
26 174
26 142
26 43
26 154
26 55
26 71
26 63
26 118
26 42
26 56
27 105
27 158
27 139
27 16
27 36
27 164
27 156
27 89
27 188
27 101
27 155
27 31
27 163
27 121
27 157
27 106
27 9
27 175
27 108
27 2
27 64
27 79
27 7
27 83
27 21
27 68
27 18
27 132
27 195
27 11
27 58
27 95
27 153
27 17
27 122
27 42
27 173
27 160
27 103
27 91
28 146
28 110
28 124
28 192
28 51
28 180
28 4
28 43
28 59
28 186
28 39
28 71
28 7
28 130
28 11
28 140
28 76
28 67
28 54
28 139
28 148
28 136
28 158
28 60
28 150
28 137
28 174
28 114
28 194
28 99
28 94
28 86
28 121
28 116
28 35
28 195
28 1
28 122
29 25
29 60
29 139
29 152
29 77
29 5
29 58
29 115
29 26
29 173
29 97
29 103
29 121
29 14
29 82
29 140
29 182
29 179
29 96
29 83
29 194
29 57
29 87
29 170
29 88
29 72
29 92
29 159
29 160
29 188
29 22
29 153
29 75
29 154
30 171
30 147
30 107
30 103
30 170
30 24
30 141
30 102
30 54
30 157
30 12
30 19
30 43
30 64
30 21
30 52
30 152
30 16
30 193
30 33
30 133
30 135
30 50
30 128
30 163
30 11
30 105
30 167
30 156
30 137
30 112
30 153
31 150
31 116
31 39
31 141
31 58
31 72
31 107
31 192
31 108
31 32
31 187
31 113
31 121
31 120
31 27
31 98
31 41
31 152
31 135
31 74
31 15
31 147
31 16
31 10
31 183
31 36
31 104
31 45
31 114
31 92
31 71
31 101
31 179
31 163
31 69
31 93
31 81
31 33
31 172
31 140
31 191
31 34
31 2
31 86
31 91
32 102
32 56
32 169
32 40
32 132
32 116
32 50
32 117
32 136
32 96
32 127
32 137
32 14
32 185
32 31
32 173
32 79
32 35
32 135
32 4
32 114
32 105
32 163
32 58
32 21
32 23
32 76
32 53
32 176
32 99
32 186
33 34
33 6
33 198
33 99
33 126
33 182
33 106
33 111
33 166
33 108
33 144
33 12
33 190
33 194
33 51
33 9
33 173
33 178
33 53
33 74
33 191
33 67
33 183
33 100
33 30
33 81
33 65
33 19
33 46
33 162
33 78
33 168
33 176
33 31
33 105
33 14
33 110
33 161
33 167
34 33
34 60
34 44
34 198
34 131
34 147
34 192
34 1
34 65
34 137
34 158
34 7
34 167
34 162
34 178
34 133
34 180
34 100
34 199
34 170
34 25
34 193
34 118
34 110
34 23
34 86
34 115
34 151
34 181
34 101
34 42
34 111
34 122
34 20
34 169
34 56
34 38
34 31
34 121
34 10
34 63
34 139
34 172
34 74
34 146
34 92
34 154
35 5
35 46
35 69
35 71
35 70
35 137
35 48
35 54
35 60
35 66
35 32
35 144
35 101
35 95
35 195
35 134
35 26
35 199
35 49
35 190
35 58
35 91
35 82
35 19
35 114
35 112
35 85
35 96
35 183
35 56
35 28
35 7
36 154
36 122
36 69
36 59
36 94
36 24
36 178
36 27
36 50
36 171
36 14
36 163
36 83
36 46
36 199
36 157
36 189
36 72
36 177
36 79
36 42
36 60
36 131
36 191
36 101
36 133
36 159
36 31
36 81
36 169
36 123
36 136
36 55
36 53
36 147
36 64
36 168
36 19
36 3
36 184
36 10
36 74
36 186
36 142
36 11
36 7
36 183
36 150
36 156
36 102
36 149
36 21
36 161
37 124
37 72
37 187
37 110
37 41
37 169
37 145
37 188
37 147
37 116
37 40
37 50
37 12
37 22
37 52
37 148
37 189
37 109
37 56
37 8
37 85
37 58
37 10
37 80
37 146
37 73
37 172
37 150
37 162
37 121
37 71
37 123
37 125
37 3
37 104
37 49
37 167
37 42
37 64
37 108
38 9
38 103
38 196
38 166
38 160
38 65
38 12
38 87
38 21
38 43
38 114
38 85
38 140
38 22
38 131
38 4
38 155
38 82
38 11
38 183
38 141
38 198
38 79
38 71
38 23
38 56
38 132
38 191
38 93
38 176
38 181
38 20
38 178
38 150
38 1
38 109
38 34
38 118
39 149
39 152
39 52
39 117
39 16
39 130
39 31
39 46
39 76
39 28
39 177
39 122
39 120
39 94
39 93
39 109
39 133
39 23
39 67
39 62
39 40
39 104
39 165
39 111
39 96
39 78
39 21
39 14
39 188
39 88
39 56
39 194
39 58
39 153
39 51
39 5
39 90
39 195
39 139
39 91
39 197
39 89
40 176
40 72
40 32
40 159
40 9
40 122
40 155
40 56
40 37
40 161
40 100
40 112
40 59
40 158
40 44
40 87
40 196
40 93
40 39
40 163
40 53
40 160
40 151
40 137
40 67
40 173
40 192
40 97
40 81
40 0
40 136
40 98
40 133
40 111
40 199
40 74
40 6
41 64
41 17
41 37
41 137
41 75
41 55
41 105
41 167
41 114
41 141
41 111
41 124
41 139
41 144
41 4
41 184
41 31
41 185
41 145
41 120
41 77
41 147
41 175
41 116
41 196
41 104
41 173
41 170
41 23
41 181
41 178
41 118
41 42
41 125
41 54
41 166
41 153
41 61
41 151
41 78
41 66
41 57
41 157
41 0
41 168
42 110
42 24
42 85
42 58
42 51
42 144
42 104
42 25
42 123
42 10
42 146
42 91
42 145
42 73
42 116
42 36
42 196
42 67
42 98
42 166
42 131
42 45
42 34
42 8
42 41
42 194
42 132
42 112
42 101
42 162
42 142
42 114
42 136
42 18
42 119
42 190
42 172
42 180
42 21
42 16
42 26
42 27
42 171
42 37
42 106
42 100
42 1
42 6
43 106
43 28
43 91
43 23
43 171
43 150
43 143
43 176
43 99
43 90
43 38
43 146
43 12
43 186
43 132
43 30
43 107
43 88
43 11
43 144
43 84
43 58
43 79
43 134
43 103
43 1
43 118
43 129
43 26
43 139
43 170
43 47
43 135
43 142
43 0
43 92
44 34
44 137
44 162
44 173
44 68
44 19
44 84
44 169
44 195
44 50
44 182
44 188
44 126
44 87
44 93
44 40
44 46
44 90
44 134
44 160
44 180
44 1
44 88
44 96
44 77
44 157
44 11
44 107
44 18
44 141
44 181
44 22
44 17
44 130
44 99
45 9
45 71
45 116
45 91
45 158
45 88
45 151
45 75
45 182
45 165
45 146
45 156
45 3
45 128
45 127
45 63
45 194
45 60
45 15
45 126
45 181
45 136
45 31
45 25
45 58
45 178
45 110
45 42
45 180
45 191
45 168
45 94
45 47
45 199
45 160
45 188
45 85
45 154
46 139
46 78
46 35
46 51
46 193
46 98
46 194
46 39
46 99
46 52
46 36
46 91
46 130
46 112
46 195
46 16
46 44
46 57
46 189
46 88
46 120
46 18
46 25
46 17
46 23
46 33
46 89
46 118
46 147
46 115
46 198
46 84
46 70
46 13
46 117
46 10
46 50
46 141
47 195
47 99
47 115
47 108
47 188
47 21
47 63
47 96
47 135
47 197
47 78
47 180
47 136
47 1
47 152
47 101
47 148
47 85
47 199
47 154
47 49
47 128
47 189
47 69
47 52
47 177
47 74
47 12
47 111
47 176
47 22
47 173
47 45
47 156
47 43
47 68
47 51
47 150
47 161
47 192
48 98
48 133
48 10
48 78
48 51
48 188
48 164
48 81
48 73
48 152
48 35
48 186
48 104
48 160
48 182
48 0
48 19
48 77
48 67
48 11
48 60
48 187
48 56
48 199
48 138
48 163
48 80
48 141
48 63
49 106
49 147
49 17
49 126
49 160
49 11
49 144
49 199
49 149
49 52
49 196
49 110
49 0
49 105
49 19
49 10
49 54
49 20
49 171
49 141
49 108
49 97
49 170
49 76
49 47
49 96
49 53
49 119
49 35
49 89
49 8
49 13
49 130
49 182
49 82
49 153
49 61
49 37
49 62
49 51
50 94
50 32
50 36
50 191
50 171
50 183
50 143
50 73
50 37
50 5
50 44
50 11
50 56
50 145
50 132
50 111
50 25
50 156
50 102
50 163
50 101
50 84
50 91
50 133
50 76
50 30
50 154
50 192
50 114
50 6
50 116
50 46
50 175
51 139
51 46
51 28
51 110
51 126
51 116
51 179
51 180
51 48
51 3
51 138
51 42
51 54
51 88
51 131
51 117
51 2
51 115
51 163
51 134
51 33
51 185
51 169
51 107
51 85
51 177
51 167
51 151
51 10
51 145
51 23
51 129
51 154
51 150
51 104
51 114
51 89
51 70
51 132
51 118
51 68
51 165
51 75
51 170
51 60
51 158
51 15
51 39
51 47
51 7
51 49
52 100
52 113
52 39
52 63
52 162
52 24
52 150
52 58
52 49
52 46
52 37
52 108
52 139
52 10
52 136
52 30
52 157
52 154
52 130
52 198
52 4
52 148
52 173
52 47
52 183
52 129
52 193
52 103
52 134
52 140
52 187
52 118
52 59
52 67
53 132
53 83
53 89
53 185
53 161
53 5
53 0
53 160
53 149
53 71
53 147
53 57
53 23
53 84
53 116
53 176
53 167
53 94
53 108
53 76
53 33
53 88
53 189
53 40
53 139
53 155
53 80
53 133
53 49
53 111
53 36
53 134
53 58
53 175
53 104
53 7
53 32
53 65
53 16
53 183
53 67
53 194
53 186
53 171
53 60
53 127
54 136
54 9
54 165
54 132
54 146
54 99
54 184
54 24
54 199
54 192
54 51
54 105
54 164
54 178
54 16
54 23
54 80
54 35
54 30
54 81
54 0
54 183
54 49
54 158
54 28
54 87
54 143
54 110
54 180
54 163
54 84
54 168
54 131
54 115
54 41
54 171
54 190
54 133
54 144
54 62
55 195
55 10
55 81
55 20
55 41
55 125
55 71
55 13
55 3
55 115
55 161
55 132
55 186
55 192
55 190
55 102
55 62
55 127
55 9
55 36
55 177
55 24
55 26
55 67
55 90
55 185
55 139
55 188
55 59
55 175
55 120
56 101
56 32
56 132
56 104
56 110
56 65
56 40
56 193
56 158
56 126
56 122
56 180
56 192
56 50
56 78
56 80
56 149
56 37
56 1
56 147
56 105
56 97
56 127
56 38
56 48
56 156
56 183
56 106
56 35
56 39
56 94
56 111
56 140
56 34
56 118
56 185
56 26
57 58
57 131
57 93
57 122
57 180
57 183
57 163
57 53
57 142
57 90
57 89
57 160
57 129
57 60
57 135
57 130
57 83
57 13
57 144
57 184
57 98
57 46
57 21
57 189
57 12
57 67
57 153
57 29
57 62
57 198
57 194
57 169
57 172
57 94
57 123
57 120
57 193
57 19
57 80
57 41
57 150
57 97
58 153
58 167
58 16
58 57
58 146
58 141
58 90
58 71
58 135
58 29
58 31
58 174
58 42
58 166
58 52
58 101
58 136
58 157
58 143
58 88
58 26
58 0
58 114
58 103
58 43
58 37
58 144
58 108
58 45
58 32
58 17
58 27
58 53
58 35
58 169
58 92
58 39
58 140
58 128
58 180
58 168
58 186
59 142
59 36
59 186
59 76
59 62
59 174
59 28
59 152
59 166
59 178
59 185
59 156
59 40
59 164
59 113
59 191
59 17
59 94
59 23
59 188
59 180
59 111
59 150
59 141
59 55
59 110
59 114
59 105
59 52
60 34
60 197
60 133
60 25
60 29
60 88
60 95
60 157
60 138
60 155
60 64
60 14
60 167
60 127
60 57
60 159
60 35
60 109
60 188
60 180
60 161
60 191
60 108
60 110
60 36
60 45
60 28
60 113
60 183
60 119
60 48
60 79
60 166
60 51
60 20
60 19
60 181
60 198
60 175
60 53
61 132
61 76
61 81
61 179
61 180
61 121
61 150
61 62
61 172
61 165
61 129
61 184
61 7
61 193
61 137
61 14
61 156
61 173
61 126
61 146
61 127
61 182
61 120
61 101
61 86
61 19
61 41
61 12
61 142
61 49
61 199
62 82
62 179
62 70
62 73
62 12
62 64
62 128
62 59
62 114
62 61
62 18
62 95
62 169
62 189
62 108
62 171
62 83
62 69
62 197
62 78
62 19
62 157
62 105
62 39
62 151
62 143
62 130
62 55
62 110
62 66
62 57
62 186
62 144
62 160
62 146
62 122
62 183
62 132
62 67
62 134
62 65
62 49
62 161
62 138
62 15
62 54
63 21
63 23
63 52
63 8
63 47
63 3
63 84
63 184
63 176
63 115
63 187
63 128
63 65
63 110
63 87
63 138
63 2
63 13
63 126
63 45
63 67
63 120
63 105
63 19
63 194
63 91
63 173
63 6
63 73
63 9
63 78
63 155
63 48
63 103
63 18
63 26
63 34
64 112
64 176
64 41
64 68
64 127
64 62
64 105
64 154
64 193
64 146
64 172
64 152
64 60
64 80
64 122
64 83
64 20
64 117
64 189
64 75
64 30
64 19
64 92
64 144
64 191
64 27
64 198
64 175
64 101
64 158
64 199
64 190
64 167
64 36
64 139
64 124
64 16
64 160
64 1
64 125
64 120
64 161
64 85
64 147
64 37
65 154
65 183
65 105
65 114
65 34
65 38
65 75
65 196
65 56
65 68
65 182
65 88
65 63
65 171
65 121
65 159
65 186
65 127
65 87
65 26
65 24
65 139
65 33
65 82
65 143
65 79
65 187
65 172
65 53
65 157
65 80
65 9
65 177
65 134
65 180
65 18
65 128
65 62
65 74
65 170
66 121
66 132
66 136
66 184
66 174
66 141
66 139
66 68
66 21
66 83
66 93
66 99
66 35
66 90
66 12
66 69
66 18
66 115
66 20
66 103
66 62
66 172
66 67
66 168
66 148
66 112
66 173
66 41
67 82
67 26
67 145
67 168
67 194
67 120
67 148
67 84
67 162
67 119
67 151
67 184
67 108
67 137
67 28
67 39
67 90
67 63
67 24
67 33
67 12
67 48
67 86
67 42
67 175
67 110
67 40
67 170
67 57
67 157
67 185
67 15
67 74
67 144
67 66
67 166
67 55
67 115
67 53
67 121
67 5
67 62
67 169
67 114
67 104
67 20
67 52
67 142
68 64
68 44
68 198
68 82
68 77
68 103
68 11
68 98
68 131
68 188
68 65
68 66
68 152
68 194
68 169
68 7
68 94
68 70
68 114
68 91
68 130
68 126
68 165
68 19
68 27
68 20
68 171
68 178
68 108
68 51
68 110
68 137
68 95
68 150
68 25
68 113
68 192
68 47
68 182
69 15
69 36
69 110
69 78
69 172
69 80
69 193
69 187
69 183
69 132
69 35
69 5
69 135
69 154
69 142
69 74
69 1
69 133
69 124
69 62
69 166
69 134
69 164
69 198
69 66
69 159
69 12
69 113
69 47
69 121
69 11
69 105
69 31
69 155
69 148
69 92
69 196
69 93
69 170
69 127
69 151
69 174
69 102
70 125
70 9
70 103
70 71
70 62
70 149
70 12
70 109
70 146
70 167
70 127
70 190
70 116
70 35
70 111
70 84
70 104
70 105
70 68
70 126
70 89
70 189
70 108
70 94
70 4
70 150
70 138
70 140
70 51
70 107
70 97
70 92
70 129
70 185
70 165
70 46
70 113
70 197
70 164
70 198
70 73
70 102
70 195
71 140
71 138
71 135
71 70
71 45
71 144
71 181
71 197
71 58
71 155
71 53
71 55
71 167
71 35
71 28
71 97
71 160
71 161
71 78
71 137
71 101
71 123
71 133
71 79
71 82
71 150
71 106
71 38
71 120
71 18
71 92
71 31
71 99
71 172
71 37
71 26
71 110
71 164
72 37
72 40
72 110
72 24
72 136
72 25
72 139
72 197
72 31
72 152
72 4
72 196
72 151
72 102
72 158
72 74
72 191
72 121
72 6
72 156
72 199
72 170
72 36
72 186
72 142
72 15
72 155
72 133
72 129
72 84
72 86
72 130
72 159
72 18
72 29
72 81
72 11
72 97
72 166
72 123
72 80
72 127
73 131
73 182
73 82
73 62
73 183
73 198
73 195
73 48
73 50
73 104
73 101
73 136
73 185
73 127
73 100
73 0
73 16
73 89
73 42
73 8
73 5
73 77
73 146
73 110
73 3
73 74
73 143
73 1
73 63
73 37
73 79
73 196
73 147
73 149
73 99
73 70
73 157
74 166
74 154
74 72
74 124
74 86
74 69
74 165
74 95
74 109
74 85
74 190
74 94
74 199
74 31
74 138
74 33
74 193
74 16
74 15
74 159
74 98
74 179
74 73
74 47
74 130
74 67
74 36
74 149
74 18
74 178
74 4
74 136
74 103
74 99
74 144
74 40
74 181
74 65
74 34
74 173
74 197
75 191
75 113
75 127
75 41
75 163
75 166
75 165
75 65
75 108
75 20
75 130
75 110
75 121
75 45
75 197
75 156
75 157
75 83
75 6
75 162
75 164
75 64
75 109
75 147
75 198
75 81
75 102
75 18
75 189
75 82
75 95
75 159
75 179
75 51
75 24
75 10
75 155
75 21
75 9
75 29
76 124
76 61
76 108
76 59
76 137
76 39
76 175
76 169
76 121
76 139
76 177
76 13
76 157
76 189
76 129
76 182
76 186
76 162
76 118
76 8
76 28
76 120
76 53
76 1
76 49
76 18
76 91
76 50
76 102
76 32
76 179
76 5
76 19
76 180
76 87
77 110
77 90
77 109
77 79
77 111
77 147
77 68
77 29
77 176
77 166
77 130
77 102
77 182
77 85
77 164
77 131
77 117
77 142
77 196
77 41
77 73
77 48
77 15
77 10
77 198
77 44
77 95
77 155
77 136
77 162
77 1
77 25
77 146
77 185
77 175
78 91
78 69
78 46
78 192
78 48
78 112
78 47
78 16
78 117
78 92
78 5
78 71
78 86
78 56
78 23
78 62
78 96
78 141
78 22
78 39
78 114
78 99
78 122
78 6
78 162
78 169
78 14
78 151
78 180
78 33
78 108
78 121
78 63
78 133
78 115
78 81
78 41
78 104
78 9
79 194
79 161
79 77
79 133
79 127
79 128
79 160
79 85
79 113
79 90
79 187
79 122
79 32
79 71
79 126
79 120
79 36
79 139
79 38
79 176
79 43
79 17
79 27
79 109
79 130
79 82
79 14
79 94
79 65
79 60
79 118
79 155
79 73
79 125
79 159
79 105
79 188
79 182
80 173
80 69
80 174
80 64
80 122
80 109
80 199
80 184
80 125
80 19
80 54
80 196
80 24
80 56
80 1
80 131
80 17
80 53
80 164
80 152
80 37
80 165
80 90
80 126
80 25
80 190
80 11
80 65
80 48
80 171
80 143
80 83
80 72
80 57
80 93
81 8
81 121
81 152
81 177
81 55
81 156
81 199
81 161
81 61
81 180
81 115
81 114
81 164
81 151
81 24
81 118
81 198
81 48
81 142
81 184
81 99
81 54
81 190
81 188
81 13
81 75
81 159
81 160
81 5
81 33
81 36
81 3
81 16
81 9
81 148
81 22
81 40
81 144
81 31
81 72
81 128
81 113
81 78
81 147
81 140
81 179
81 175
82 122
82 67
82 62
82 100
82 73
82 19
82 9
82 87
82 68
82 190
82 118
82 3
82 86
82 15
82 144
82 198
82 21
82 23
82 152
82 187
82 89
82 38
82 71
82 14
82 75
82 169
82 29
82 11
82 128
82 107
82 65
82 4
82 79
82 110
82 125
82 35
82 112
82 153
82 85
82 0
82 10
82 135
82 149
82 49
82 91
82 141
83 53
83 8
83 132
83 171
83 127
83 125
83 87
83 86
83 104
83 4
83 177
83 36
83 64
83 21
83 66
83 146
83 62
83 75
83 9
83 102
83 57
83 96
83 113
83 1
83 191
83 185
83 153
83 11
83 155
83 164
83 27
83 111
83 29
83 93
83 174
83 180
83 188
83 97
83 196
83 120
83 190
83 80
83 147
84 155
84 169
84 9
84 131
84 137
84 111
84 63
84 67
84 4
84 151
84 147
84 140
84 173
84 44
84 135
84 112
84 0
84 53
84 157
84 106
84 70
84 172
84 179
84 50
84 113
84 43
84 15
84 177
84 161
84 110
84 54
84 72
84 92
84 46
84 7
84 114
85 42
85 140
85 79
85 21
85 105
85 173
85 198
85 38
85 77
85 192
85 19
85 117
85 74
85 142
85 165
85 47
85 146
85 125
85 95
85 24
85 51
85 164
85 144
85 98
85 37
85 9
85 25
85 157
85 189
85 82
85 119
85 35
85 120
85 101
85 17
85 175
85 174
85 121
85 45
85 64
85 93
85 13
86 107
86 19
86 90
86 179
86 82
86 83
86 137
86 168
86 11
86 74
86 149
86 163
86 100
86 78
86 91
86 113
86 12
86 110
86 181
86 124
86 67
86 20
86 61
86 34
86 155
86 147
86 132
86 96
86 13
86 15
86 72
86 170
86 9
86 193
86 98
86 28
86 188
86 167
86 126
86 106
86 101
86 142
86 31
86 114
86 133
87 131
87 82
87 104
87 83
87 121
87 152
87 166
87 9
87 136
87 38
87 97
87 193
87 12
87 6
87 63
87 184
87 179
87 44
87 3
87 140
87 40
87 54
87 65
87 94
87 13
87 141
87 89
87 154
87 24
87 110
87 103
87 29
87 19
87 108
87 109
87 91
87 174
87 76
87 168
87 147
87 21
87 112
88 22
88 134
88 162
88 0
88 189
88 60
88 7
88 45
88 6
88 198
88 51
88 143
88 65
88 123
88 190
88 166
88 58
88 107
88 146
88 187
88 145
88 122
88 91
88 151
88 53
88 130
88 160
88 43
88 128
88 46
88 114
88 44
88 159
88 29
88 163
88 113
88 39
88 11
88 109
88 121
88 5
88 112
88 1
88 141
88 9
88 118
89 139
89 99
89 134
89 53
89 174
89 173
89 11
89 188
89 25
89 118
89 132
89 27
89 2
89 24
89 57
89 151
89 195
89 178
89 73
89 9
89 114
89 82
89 167
89 126
89 138
89 147
89 130
89 135
89 152
89 177
89 94
89 70
89 87
89 1
89 170
89 100
89 51
89 46
89 165
89 49
89 8
89 13
89 113
89 121
89 95
89 162
89 133
89 19
89 96
89 194
89 39
90 162
90 77
90 139
90 124
90 58
90 86
90 3
90 129
90 156
90 135
90 57
90 43
90 14
90 79
90 93
90 173
90 95
90 91
90 44
90 66
90 67
90 11
90 172
90 109
90 80
90 163
90 174
90 169
90 184
90 55
90 92
90 103
90 23
90 39
90 177
90 187
90 149
91 78
91 150
91 45
91 43
91 6
91 170
91 186
91 119
91 122
91 46
91 42
91 86
91 158
91 88
91 90
91 199
91 99
91 50
91 68
91 76
91 63
91 35
91 110
91 146
91 18
91 22
91 87
91 137
91 82
91 27
91 39
91 169
91 31
92 147
92 110
92 168
92 192
92 166
92 131
92 96
92 78
92 196
92 172
92 198
92 161
92 64
92 6
92 109
92 71
92 31
92 70
92 169
92 84
92 69
92 18
92 58
92 138
92 29
92 90
92 126
92 149
92 43
92 0
92 102
92 34
93 12
93 111
93 126
93 57
93 10
93 176
93 131
93 117
93 160
93 96
93 177
93 3
93 18
93 167
93 171
93 124
93 66
93 90
93 39
93 193
93 44
93 120
93 40
93 150
93 147
93 1
93 104
93 127
93 134
93 83
93 188
93 38
93 31
93 101
93 69
93 110
93 125
93 85
93 80
94 152
94 50
94 36
94 24
94 189
94 193
94 96
94 145
94 154
94 104
94 39
94 8
94 125
94 183
94 68
94 74
94 53
94 150
94 114
94 59
94 87
94 89
94 126
94 70
94 16
94 178
94 2
94 199
94 79
94 123
94 22
94 45
94 56
94 28
94 57
94 160
94 137
94 163
95 120
95 17
95 114
95 25
95 60
95 62
95 74
95 12
95 137
95 90
95 23
95 85
95 163
95 35
95 139
95 101
95 75
95 146
95 199
95 196
95 77
95 7
95 161
95 178
95 27
95 68
95 142
95 105
95 173
95 89
95 113
95 144
95 19
95 102
95 99
95 175
95 107
96 147
96 199
96 136
96 32
96 47
96 93
96 92
96 168
96 158
96 104
96 94
96 195
96 185
96 78
96 83
96 177
96 97
96 39
96 148
96 193
96 126
96 114
96 49
96 29
96 44
96 122
96 86
96 14
96 137
96 186
96 22
96 146
96 35
96 192
96 109
96 182
96 6
96 166
96 89
97 181
97 141
97 164
97 143
97 194
97 107
97 1
97 137
97 135
97 6
97 11
97 71
97 145
97 182
97 87
97 29
97 21
97 180
97 0
97 196
97 121
97 157
97 191
97 115
97 176
97 104
97 96
97 49
97 56
97 123
97 101
97 70
97 116
97 40
97 193
97 122
97 168
97 83
97 165
97 172
97 72
97 124
97 154
97 160
97 125
97 57
98 48
98 19
98 46
98 159
98 68
98 1
98 110
98 164
98 10
98 151
98 196
98 31
98 57
98 111
98 190
98 198
98 182
98 139
98 118
98 133
98 184
98 42
98 13
98 85
98 74
98 7
98 158
98 18
98 181
98 199
98 194
98 25
98 168
98 155
98 193
98 119
98 86
98 103
98 140
98 40
98 174
98 132
99 89
99 47
99 26
99 172
99 33
99 153
99 54
99 25
99 46
99 4
99 43
99 154
99 195
99 81
99 66
99 186
99 183
99 139
99 91
99 171
99 122
99 78
99 152
99 71
99 9
99 28
99 73
99 8
99 32
99 74
99 95
99 116
99 155
99 44
100 52
100 82
100 5
100 101
100 132
100 111
100 198
100 86
100 40
100 34
100 9
100 177
100 168
100 73
100 23
100 180
100 150
100 151
100 192
100 138
100 19
100 33
100 18
100 89
100 12
100 105
100 128
100 157
100 7
100 4
100 190
100 42
100 25
100 191
101 56
101 107
101 2
101 100
101 157
101 132
101 154
101 153
101 190
101 169
101 73
101 178
101 19
101 58
101 71
101 110
101 27
101 47
101 133
101 181
101 35
101 103
101 105
101 7
101 50
101 95
101 175
101 15
101 61
101 36
101 64
101 184
101 97
101 115
101 31
101 172
101 34
101 3
101 155
101 42
101 20
101 85
101 93
101 170
101 14
101 86
102 32
102 149
102 157
102 164
102 10
102 150
102 72
102 77
102 30
102 0
102 83
102 50
102 20
102 75
102 180
102 15
102 55
102 4
102 194
102 173
102 108
102 181
102 76
102 115
102 132
102 175
102 169
102 141
102 191
102 127
102 185
102 123
102 148
102 120
102 36
102 143
102 154
102 112
102 70
102 92
102 95
102 69
102 163
103 38
103 142
103 70
103 175
103 147
103 68
103 13
103 30
103 157
103 149
103 108
103 29
103 132
103 190
103 4
103 8
103 7
103 135
103 182
103 5
103 189
103 101
103 171
103 107
103 14
103 185
103 58
103 43
103 124
103 87
103 66
103 112
103 125
103 90
103 104
103 98
103 193
103 52
103 126
103 63
103 74
103 133
103 196
103 27
103 179
103 109
104 179
104 107
104 114
104 186
104 87
104 56
104 127
104 187
104 83
104 172
104 42
104 73
104 194
104 96
104 94
104 0
104 48
104 150
104 112
104 70
104 97
104 39
104 93
104 106
104 31
104 142
104 51
104 41
104 53
104 159
104 103
104 189
104 155
104 37
104 154
104 158
104 78
104 140
104 16
104 120
104 67
104 175
105 27
105 22
105 64
105 65
105 167
105 41
105 6
105 110
105 127
105 85
105 54
105 109
105 168
105 49
105 114
105 152
105 128
105 146
105 62
105 129
105 101
105 70
105 63
105 118
105 184
105 198
105 136
105 32
105 56
105 134
105 18
105 141
105 156
105 69
105 148
105 107
105 30
105 100
105 95
105 16
105 79
105 33
105 192
105 59
106 146
106 49
106 198
106 138
106 43
106 113
106 175
106 33
106 149
106 166
106 25
106 116
106 183
106 115
106 139
106 196
106 84
106 136
106 27
106 107
106 184
106 71
106 165
106 104
106 8
106 193
106 170
106 133
106 10
106 56
106 124
106 108
106 134
106 86
106 42
107 101
107 104
107 149
107 196
107 86
107 30
107 145
107 97
107 21
107 130
107 186
107 31
107 9
107 135
107 5
107 88
107 179
107 43
107 51
107 106
107 113
107 103
107 25
107 132
107 172
107 82
107 156
107 150
107 70
107 173
107 105
107 120
107 164
107 138
107 157
107 185
107 161
107 44
107 128
107 139
107 15
107 198
107 159
107 152
107 95
108 76
108 47
108 75
108 33
108 113
108 120
108 155
108 198
108 31
108 15
108 103
108 62
108 133
108 144
108 52
108 192
108 67
108 176
108 182
108 124
108 60
108 53
108 49
108 27
108 70
108 102
108 58
108 68
108 162
108 129
108 78
108 175
108 87
108 106
108 147
108 165
108 146
108 187
108 37
109 142
109 175
109 77
109 182
109 7
109 198
109 70
109 118
109 130
109 164
109 116
109 131
109 80
109 172
109 105
109 74
109 60
109 39
109 194
109 75
109 37
109 193
109 79
109 20
109 90
109 115
109 92
109 25
109 173
109 19
109 88
109 139
109 11
109 38
109 87
109 96
109 146
109 16
109 103
110 69
110 92
110 77
110 175
110 28
110 42
110 37
110 51
110 72
110 187
110 105
110 56
110 119
110 75
110 98
110 121
110 172
110 169
110 63
110 49
110 101
110 190
110 154
110 189
110 122
110 150
110 60
110 173
110 86
110 126
110 139
110 142
110 73
110 34
110 54
110 164
110 67
110 87
110 84
110 62
110 82
110 45
110 68
110 91
110 161
110 25
110 93
110 59
110 71
110 33
111 174
111 93
111 77
111 147
111 134
111 84
111 21
111 33
111 139
111 117
111 100
111 193
111 152
111 112
111 173
111 41
111 172
111 70
111 177
111 50
111 98
111 17
111 154
111 133
111 39
111 119
111 12
111 146
111 197
111 83
111 59
111 191
111 53
111 194
111 159
111 138
111 34
111 185
111 24
111 47
111 166
111 56
111 40
111 4
112 64
112 4
112 133
112 78
112 13
112 185
112 111
112 84
112 46
112 40
112 192
112 23
112 147
112 188
112 127
112 182
112 26
112 21
112 104
112 132
112 115
112 116
112 17
112 146
112 129
112 103
112 15
112 82
112 35
112 42
112 157
112 186
112 88
112 66
112 30
112 102
112 125
112 87
113 52
113 13
113 189
113 75
113 136
113 106
113 131
113 124
113 174
113 108
113 79
113 169
113 157
113 12
113 31
113 59
113 86
113 83
113 134
113 127
113 107
113 84
113 60
113 69
113 138
113 179
113 88
113 130
113 161
113 144
113 150
113 89
113 70
113 81
113 118
113 68
113 95
113 155
113 160
114 22
114 104
114 189
114 95
114 141
114 65
114 81
114 62
114 194
114 123
114 179
114 26
114 41
114 193
114 190
114 38
114 105
114 25
114 182
114 89
114 94
114 145
114 58
114 159
114 68
114 88
114 32
114 23
114 136
114 96
114 78
114 154
114 144
114 137
114 51
114 31
114 28
114 50
114 35
114 161
114 153
114 181
114 42
114 187
114 67
114 174
114 59
114 84
114 164
114 86
114 166
114 131
115 47
115 125
115 81
115 150
115 136
115 29
115 159
115 106
115 63
115 16
115 21
115 51
115 157
115 149
115 55
115 123
115 97
115 3
115 132
115 146
115 174
115 145
115 112
115 34
115 109
115 66
115 155
115 101
115 190
115 169
115 102
115 46
115 181
115 54
115 186
115 67
115 147
115 78
115 12
115 193
116 134
116 45
116 128
116 51
116 31
116 32
116 192
116 70
116 16
116 37
116 106
116 109
116 144
116 118
116 176
116 53
116 13
116 133
116 42
116 194
116 165
116 41
116 112
116 162
116 97
116 25
116 150
116 154
116 170
116 183
116 20
116 198
116 28
116 8
116 50
116 129
116 99
116 193
117 121
117 39
117 149
117 180
117 134
117 32
117 193
117 93
117 123
117 111
117 188
117 196
117 147
117 51
117 78
117 18
117 24
117 128
117 85
117 64
117 17
117 77
117 181
117 182
117 135
117 154
117 141
117 126
117 183
117 46
117 144
117 10
118 147
118 195
118 9
118 4
118 140
118 81
118 109
118 82
118 18
118 89
118 5
118 15
118 190
118 116
118 142
118 154
118 123
118 76
118 196
118 173
118 7
118 34
118 98
118 105
118 25
118 6
118 188
118 43
118 46
118 51
118 181
118 197
118 41
118 79
118 178
118 177
118 113
118 169
118 38
118 26
118 56
118 52
118 88
119 158
119 150
119 126
119 148
119 163
119 91
119 110
119 18
119 67
119 154
119 178
119 155
119 194
119 165
119 124
119 9
119 167
119 6
119 123
119 111
119 168
119 183
119 49
119 174
119 60
119 85
119 98
119 8
119 42
119 176
119 19
119 14
119 16
120 95
120 173
120 67
120 121
120 151
120 139
120 157
120 108
120 182
120 181
120 39
120 31
120 156
120 79
120 76
120 93
120 41
120 14
120 63
120 61
120 163
120 26
120 46
120 71
120 183
120 172
120 130
120 24
120 107
120 128
120 85
120 9
120 83
120 102
120 57
120 148
120 64
120 6
120 2
120 104
120 55
120 25
121 117
121 81
121 5
121 66
121 87
121 61
121 182
121 176
121 120
121 10
121 127
121 129
121 76
121 75
121 110
121 72
121 29
121 146
121 65
121 9
121 189
121 31
121 97
121 1
121 27
121 185
121 11
121 156
121 7
121 199
121 69
121 174
121 16
121 37
121 78
121 22
121 88
121 195
121 85
121 67
121 161
121 28
121 89
121 34
121 6
121 175
122 36
122 149
122 82
122 183
122 18
122 57
122 198
122 40
122 145
122 64
122 80
122 17
122 91
122 182
122 155
122 56
122 39
122 25
122 79
122 110
122 124
122 88
122 179
122 13
122 99
122 78
122 96
122 9
122 6
122 62
122 97
122 134
122 189
122 34
122 5
122 27
122 28
122 180
123 21
123 139
123 147
123 136
123 117
123 7
123 128
123 156
123 114
123 193
123 185
123 88
123 42
123 71
123 143
123 188
123 118
123 115
123 138
123 119
123 196
123 175
123 181
123 20
123 10
123 36
123 169
123 97
123 179
123 159
123 94
123 15
123 191
123 37
123 102
123 57
123 158
123 140
123 2
123 132
123 72
123 162
124 37
124 76
124 28
124 146
124 142
124 90
124 12
124 151
124 113
124 194
124 193
124 74
124 69
124 93
124 41
124 179
124 149
124 122
124 119
124 165
124 180
124 2
124 108
124 86
124 136
124 126
124 23
124 127
124 162
124 103
124 64
124 6
124 106
124 143
124 172
124 97
124 163
124 185
124 130
124 190
124 18
125 6
125 70
125 83
125 55
125 115
125 14
125 158
125 142
125 195
125 80
125 94
125 192
125 177
125 85
125 148
125 178
125 182
125 184
125 13
125 139
125 188
125 82
125 143
125 168
125 41
125 189
125 79
125 37
125 103
125 131
125 93
125 64
125 25
125 183
125 112
125 97
126 93
126 119
126 132
126 51
126 33
126 49
126 156
126 190
126 2
126 7
126 9
126 56
126 181
126 44
126 79
126 63
126 61
126 89
126 124
126 70
126 110
126 197
126 192
126 196
126 96
126 94
126 45
126 68
126 162
126 80
126 145
126 191
126 117
126 103
126 86
126 92
126 177
127 197
127 83
127 149
127 75
127 64
127 172
127 79
127 104
127 189
127 70
127 136
127 105
127 32
127 121
127 170
127 60
127 73
127 137
127 112
127 65
127 187
127 184
127 45
127 113
127 164
127 61
127 24
127 124
127 93
127 55
127 56
127 19
127 175
127 157
127 102
127 147
127 69
127 144
127 190
127 162
127 179
127 72
127 53
128 11
128 116
128 62
128 79
128 169
128 13
128 123
128 25
128 63
128 142
128 0
128 189
128 117
128 158
128 105
128 45
128 143
128 88
128 152
128 47
128 82
128 197
128 30
128 24
128 6
128 148
128 120
128 195
128 100
128 81
128 107
128 167
128 191
128 58
128 65
128 159
128 174
129 1
129 137
129 144
129 147
129 141
129 121
129 152
129 90
129 2
129 9
129 142
129 154
129 183
129 61
129 76
129 57
129 12
129 166
129 3
129 105
129 160
129 143
129 132
129 133
129 170
129 51
129 72
129 185
129 112
129 169
129 23
129 108
129 165
129 70
129 43
129 24
129 0
129 52
129 194
129 193
129 156
129 5
129 116
130 171
130 39
130 17
130 109
130 107
130 75
130 28
130 77
130 180
130 46
130 153
130 156
130 151
130 137
130 57
130 176
130 88
130 89
130 192
130 52
130 68
130 18
130 12
130 62
130 79
130 140
130 120
130 146
130 188
130 72
130 113
130 74
130 195
130 49
130 0
130 160
130 124
130 2
130 44
131 73
131 34
131 26
131 57
131 171
131 87
131 84
131 113
131 92
131 5
131 93
131 143
131 68
131 109
131 51
131 159
131 151
131 150
131 38
131 77
131 153
131 184
131 24
131 182
131 36
131 17
131 80
131 42
131 54
131 0
131 188
131 191
131 175
131 144
131 125
131 21
131 152
131 149
131 140
131 192
131 19
131 114
132 61
132 53
132 162
132 83
132 126
132 56
132 54
132 66
132 32
132 69
132 101
132 100
132 89
132 146
132 0
132 134
132 183
132 23
132 103
132 43
132 180
132 50
132 1
132 55
132 112
132 129
132 181
132 115
132 107
132 86
132 191
132 27
132 38
132 172
132 51
132 102
132 42
132 21
132 8
132 190
132 62
132 142
132 163
132 166
132 123
132 98
133 48
133 60
133 174
133 11
133 79
133 14
133 165
133 149
133 112
133 144
133 136
133 155
133 166
133 181
133 34
133 69
133 108
133 101
133 71
133 39
133 171
133 116
133 151
133 129
133 111
133 72
133 98
133 50
133 175
133 36
133 30
133 170
133 53
133 22
133 189
133 106
133 2
133 78
133 158
133 89
133 40
133 103
133 54
133 138
133 86
134 88
134 116
134 89
134 145
134 117
134 111
134 158
134 162
134 144
134 9
134 197
134 132
134 69
134 51
134 170
134 178
134 190
134 44
134 0
134 113
134 172
134 35
134 43
134 142
134 105
134 93
134 141
134 160
134 53
134 136
134 198
134 122
134 186
134 65
134 52
134 62
134 106
135 71
135 146
135 58
135 8
135 69
135 140
135 97
135 47
135 9
135 160
135 90
135 107
135 84
135 169
135 190
135 57
135 136
135 151
135 32
135 150
135 31
135 199
135 103
135 143
135 89
135 26
135 191
135 117
135 192
135 188
135 30
135 16
135 196
135 152
135 184
135 148
135 165
135 82
135 43
135 21
135 4
136 54
136 25
136 17
136 113
136 21
136 72
136 66
136 115
136 32
136 123
136 20
136 96
136 127
136 87
136 184
136 133
136 47
136 73
136 151
136 58
136 161
136 174
136 135
136 180
136 52
136 106
136 124
136 197
136 195
136 149
136 28
136 23
136 114
136 105
136 45
136 36
136 191
136 134
136 11
136 77
136 42
136 8
136 188
136 40
136 74
137 44
137 179
137 41
137 129
137 186
137 182
137 84
137 76
137 169
137 34
137 97
137 86
137 32
137 35
137 71
137 127
137 170
137 95
137 13
137 168
137 130
137 155
137 67
137 61
137 153
137 40
137 28
137 114
137 173
137 161
137 96
137 68
137 22
137 180
137 190
137 30
137 94
137 91
137 164
137 142
137 15
138 153
138 71
138 106
138 4
138 141
138 60
138 150
138 151
138 51
138 12
138 145
138 0
138 140
138 169
138 22
138 63
138 74
138 89
138 123
138 100
138 186
138 188
138 113
138 70
138 111
138 107
138 48
138 92
138 155
138 1
138 2
138 180
138 5
138 10
138 133
138 62
139 89
139 90
139 46
139 51
139 27
139 29
139 152
139 123
139 72
139 120
139 66
139 19
139 76
139 111
139 195
139 169
139 157
139 188
139 106
139 10
139 41
139 14
139 52
139 189
139 99
139 28
139 79
139 95
139 110
139 98
139 158
139 65
139 53
139 164
139 125
139 149
139 20
139 64
139 43
139 171
139 109
139 55
139 107
139 39
139 193
139 34
140 71
140 10
140 146
140 118
140 135
140 85
140 7
140 4
140 84
140 138
140 16
140 38
140 167
140 147
140 28
140 182
140 1
140 87
140 148
140 29
140 130
140 152
140 70
140 150
140 143
140 161
140 21
140 144
140 56
140 192
140 98
140 17
140 31
140 123
140 58
140 52
140 104
140 145
140 81
140 131
141 97
141 58
141 114
141 17
141 183
141 138
141 176
141 162
141 66
141 129
141 31
141 30
141 41
141 147
141 165
141 49
141 148
141 197
141 38
141 161
141 181
141 78
141 198
141 87
141 3
141 20
141 117
141 189
141 105
141 134
141 146
141 0
141 1
141 102
141 59
141 48
141 142
141 44
141 88
141 188
141 196
141 46
141 195
141 82
142 109
142 103
142 59
142 175
142 159
142 124
142 57
142 81
142 10
142 69
142 129
142 125
142 128
142 22
142 118
142 85
142 77
142 72
142 195
142 163
142 192
142 110
142 14
142 134
142 161
142 104
142 164
142 170
142 149
142 184
142 190
142 193
142 26
142 169
142 146
142 42
142 95
142 36
142 141
142 132
142 43
142 61
142 137
142 5
142 86
142 171
142 198
142 67
143 97
143 43
143 131
143 2
143 50
143 15
143 88
143 58
143 157
143 123
143 185
143 54
143 135
143 129
143 128
143 62
143 190
143 65
143 18
143 148
143 73
143 181
143 125
143 140
143 191
143 13
143 124
143 80
143 102
143 3
144 12
144 13
144 23
144 71
144 129
144 155
144 134
144 0
144 49
144 133
144 42
144 82
144 33
144 116
144 191
144 108
144 6
144 41
144 57
144 35
144 194
144 43
144 64
144 173
144 197
144 181
144 85
144 58
144 114
144 187
144 149
144 62
144 140
144 113
144 81
144 67
144 131
144 153
144 127
144 95
144 74
144 54
144 117
145 134
145 162
145 146
145 67
145 107
145 0
145 179
145 188
145 182
145 37
145 11
145 183
145 122
145 24
145 138
145 169
145 97
145 160
145 94
145 191
145 50
145 42
145 163
145 88
145 41
145 177
145 166
145 20
145 114
145 51
145 115
145 149
145 158
145 5
145 153
145 126
145 178
145 156
145 161
145 140
146 106
146 28
146 58
146 135
146 124
146 158
146 140
146 145
146 64
146 70
146 54
146 6
146 182
146 132
146 121
146 43
146 83
146 42
146 45
146 85
146 88
146 105
146 25
146 9
146 61
146 17
146 149
146 73
146 157
146 115
146 95
146 112
146 24
146 111
146 130
146 37
146 141
146 16
146 91
146 62
146 96
146 142
146 198
146 108
146 77
146 160
146 172
146 109
146 34
147 92
147 118
147 34
147 19
147 49
147 103
147 30
147 96
147 178
147 77
147 129
147 198
147 123
147 111
147 53
147 84
147 171
147 37
147 26
147 117
147 177
147 141
147 164
147 112
147 140
147 165
147 75
147 89
147 172
147 93
147 41
147 31
147 56
147 86
147 46
147 36
147 175
147 16
147 73
147 127
147 115
147 15
147 7
147 108
147 189
147 81
147 83
147 64
147 6
147 87
148 20
148 194
148 174
148 119
148 67
148 2
148 198
148 37
148 47
148 172
148 182
148 125
148 157
148 170
148 3
148 141
148 28
148 158
148 96
148 140
148 8
148 143
148 52
148 105
148 128
148 81
148 69
148 135
148 181
148 102
148 66
148 120
149 122
149 39
149 102
149 192
149 127
149 117
149 107
149 70
149 189
149 53
149 133
149 106
149 0
149 49
149 86
149 103
149 153
149 115
149 165
149 124
149 195
149 56
149 13
149 136
149 146
149 161
149 145
149 144
149 139
149 175
149 142
149 193
149 74
149 73
149 82
149 131
149 92
149 36
149 178
149 90
150 119
150 91
150 8
150 184
150 31
150 115
150 52
150 43
150 138
150 61
150 102
150 183
150 168
150 197
150 131
150 104
150 100
150 135
150 94
150 110
150 192
150 71
150 93
150 17
150 195
150 28
150 51
150 70
150 140
150 107
150 59
150 37
150 113
150 38
150 116
150 68
150 36
150 47
150 153
150 191
150 57
150 23
150 0
151 163
151 179
151 174
151 81
151 124
151 138
151 120
151 84
151 72
151 15
151 45
151 169
151 98
151 136
151 89
151 67
151 131
151 24
151 130
151 100
151 135
151 176
151 133
151 88
151 62
151 51
151 40
151 198
151 194
151 34
151 166
151 78
151 177
151 41
151 69
151 158
151 160
151 153
151 165
152 94
152 39
152 81
152 22
152 5
152 177
152 194
152 179
152 29
152 14
152 139
152 87
152 59
152 64
152 72
152 129
152 68
152 160
152 48
152 111
152 47
152 2
152 190
152 163
152 82
152 0
152 105
152 31
152 30
152 89
152 11
152 128
152 140
152 164
152 3
152 80
152 99
152 171
152 135
152 161
152 183
152 131
152 107
152 156
153 138
153 58
153 181
153 165
153 23
153 99
153 167
153 101
153 0
153 21
153 130
153 187
153 149
153 9
153 131
153 154
153 137
153 18
153 83
153 26
153 14
153 57
153 158
153 82
153 145
153 114
153 41
153 27
153 39
153 144
153 49
153 174
153 150
153 29
153 186
153 30
153 151
154 36
154 65
154 195
154 64
154 5
154 160
154 17
154 69
154 74
154 101
154 1
154 20
154 129
154 11
154 99
154 94
154 119
154 118
154 110
154 10
154 153
154 162
154 13
154 47
154 111
154 164
154 156
154 52
154 51
154 87
154 117
154 114
154 50
154 186
154 187
154 188
154 26
154 189
154 192
154 116
154 104
154 102
154 97
154 29
154 168
154 45
154 34
155 84
155 23
155 10
155 71
155 144
155 60
155 40
155 179
155 108
155 183
155 122
155 133
155 17
155 27
155 167
155 119
155 137
155 185
155 38
155 162
155 22
155 72
155 83
155 188
155 53
155 86
155 115
155 18
155 69
155 101
155 174
155 79
155 98
155 75
155 77
155 187
155 138
155 63
155 9
155 104
155 113
155 8
155 99
155 184
155 20
156 21
156 81
156 15
156 167
156 126
156 188
156 9
156 24
156 194
156 90
156 27
156 123
156 165
156 169
156 75
156 130
156 59
156 8
156 187
156 72
156 3
156 175
156 45
156 160
156 120
156 22
156 176
156 61
156 11
156 50
156 177
156 121
156 154
156 189
156 107
156 105
156 56
156 145
156 30
156 129
156 47
156 36
156 152
157 179
157 195
157 102
157 177
157 60
157 17
157 101
157 120
157 103
157 113
157 139
157 76
157 75
157 58
157 182
157 115
157 143
157 84
157 36
157 30
157 97
157 62
157 148
157 27
157 52
157 192
157 146
157 173
157 44
157 67
157 158
157 85
157 127
157 65
157 107
157 100
157 112
157 73
157 41
158 119
158 27
158 146
158 176
158 190
158 45
158 34
158 134
158 15
158 9
158 187
158 72
158 125
158 56
158 96
158 3
158 199
158 128
158 162
158 40
158 169
158 91
158 54
158 139
158 148
158 28
158 191
158 7
158 98
158 64
158 145
158 153
158 157
158 51
158 123
158 133
158 151
158 104
158 161
159 142
159 192
159 40
159 98
159 115
159 164
159 131
159 167
159 65
159 60
159 14
159 197
159 196
159 69
159 6
159 81
159 114
159 75
159 36
159 74
159 173
159 88
159 111
159 123
159 72
159 79
159 104
159 29
159 128
159 107
159 185
160 187
160 38
160 53
160 154
160 7
160 49
160 79
160 93
160 10
160 135
160 152
160 71
160 57
160 169
160 145
160 166
160 156
160 19
160 48
160 129
160 88
160 81
160 26
160 44
160 40
160 198
160 12
160 134
160 62
160 0
160 64
160 94
160 173
160 45
160 29
160 146
160 5
160 151
160 130
160 27
160 113
160 186
160 97
160 192
161 79
161 179
161 53
161 81
161 71
161 171
161 40
161 55
161 136
161 60
161 185
161 9
161 92
161 186
161 141
161 3
161 149
161 199
161 84
161 142
161 137
161 95
161 140
161 110
161 113
161 114
161 107
161 167
161 145
161 178
161 121
161 152
161 64
161 175
161 62
161 47
161 36
161 158
161 33
162 132
162 90
162 185
162 44
162 183
162 145
162 21
162 88
162 52
162 178
162 189
162 141
162 134
162 171
162 67
162 34
162 75
162 176
162 76
162 158
162 154
162 155
162 23
162 0
162 124
162 126
162 116
162 78
162 33
162 108
162 37
162 190
162 42
162 174
162 170
162 77
162 89
162 177
162 127
162 123
163 151
163 6
163 75
163 57
163 119
163 36
163 86
163 195
163 152
163 4
163 51
163 145
163 27
163 142
163 95
163 50
163 0
163 176
163 40
163 120
163 54
163 32
163 90
163 31
163 186
163 88
163 30
163 15
163 48
163 10
163 132
163 94
163 124
163 193
163 102
163 24
164 97
164 2
164 19
164 81
164 27
164 48
164 5
164 188
164 102
164 109
164 159
164 98
164 54
164 147
164 77
164 59
164 75
164 69
164 16
164 183
164 85
164 127
164 154
164 15
164 83
164 110
164 139
164 142
164 152
164 80
164 194
164 107
164 192
164 9
164 70
164 137
164 14
164 178
164 177
164 114
164 71
165 54
165 198
165 153
165 12
165 133
165 21
165 75
165 156
165 61
165 185
165 74
165 45
165 149
165 85
165 175
165 147
165 119
165 187
165 26
165 124
165 141
165 39
165 3
165 106
165 181
165 116
165 68
165 14
165 80
165 89
165 129
165 51
165 15
165 70
165 135
165 4
165 180
165 97
165 108
165 151
166 173
166 38
166 92
166 75
166 74
166 14
166 13
166 87
166 77
166 106
166 33
166 59
166 58
166 133
166 176
166 88
166 160
166 129
166 69
166 2
166 181
166 145
166 42
166 151
166 184
166 168
166 167
166 183
166 60
166 67
166 41
166 111
166 72
166 132
166 96
166 114
167 58
167 156
167 105
167 70
167 71
167 153
167 34
167 41
167 93
167 60
167 190
167 159
167 177
167 140
167 155
167 53
167 89
167 119
167 51
167 26
167 175
167 64
167 166
167 30
167 187
167 161
167 194
167 86
167 128
167 37
167 33
168 92
168 185
168 175
168 67
168 192
168 1
168 86
168 190
168 96
168 150
168 179
168 105
168 10
168 100
168 137
168 21
168 119
168 54
168 166
168 180
168 45
168 36
168 125
168 33
168 98
168 25
168 97
168 66
168 154
168 58
168 87
168 41
169 84
169 32
169 37
169 179
169 8
169 128
169 4
169 137
169 76
169 145
169 113
169 139
169 110
169 101
169 151
169 156
169 44
169 62
169 135
169 68
169 160
169 138
169 199
169 158
169 51
169 171
169 196
169 24
169 173
169 82
169 36
169 123
169 22
169 129
169 115
169 78
169 92
169 90
169 142
169 58
169 175
169 102
169 195
169 16
169 34
169 57
169 118
169 67
169 188
169 91
170 5
170 23
170 30
170 192
170 91
170 198
170 7
170 127
170 137
170 72
170 191
170 134
170 34
170 148
170 49
170 14
170 129
170 133
170 67
170 142
170 89
170 29
170 41
170 86
170 106
170 43
170 51
170 101
170 162
170 69
170 116
170 189
170 65
171 9
171 30
171 83
171 131
171 130
171 43
171 5
171 10
171 24
171 36
171 162
171 50
171 21
171 177
171 147
171 93
171 183
171 161
171 65
171 62
171 172
171 23
171 133
171 169
171 49
171 103
171 99
171 185
171 68
171 152
171 54
171 139
171 16
171 182
171 80
171 53
171 42
171 142
172 69
172 99
172 127
172 64
172 104
172 61
172 110
172 109
172 111
172 171
172 92
172 148
172 2
172 8
172 84
172 147
172 90
172 134
172 25
172 107
172 120
172 198
172 66
172 188
172 132
172 101
172 37
172 65
172 71
172 57
172 42
172 31
172 97
172 124
172 18
172 146
172 34
173 80
173 166
173 15
173 44
173 186
173 191
173 20
173 89
173 120
173 190
173 7
173 13
173 29
173 84
173 85
173 111
173 90
173 32
173 33
173 61
173 10
173 110
173 118
173 26
173 144
173 169
173 187
173 102
173 157
173 137
173 159
173 40
173 63
173 109
173 107
173 41
173 21
173 52
173 184
173 47
173 14
173 160
173 95
173 18
173 66
173 27
173 74
173 197
174 111
174 180
174 80
174 89
174 133
174 151
174 66
174 59
174 148
174 113
174 58
174 10
174 14
174 136
174 5
174 196
174 115
174 177
174 28
174 90
174 119
174 83
174 121
174 26
174 184
174 155
174 85
174 162
174 9
174 98
174 114
174 153
174 87
174 188
174 128
174 69
175 109
175 110
175 14
175 142
175 103
175 168
175 187
175 106
175 76
175 26
175 16
175 165
175 156
175 27
175 101
175 123
175 41
175 193
175 64
175 167
175 133
175 10
175 67
175 149
175 127
175 53
175 147
175 102
175 108
175 169
175 85
175 195
175 131
175 55
175 161
175 81
175 60
175 192
175 77
175 95
175 104
175 121
175 50
176 64
176 40
176 7
176 158
176 93
176 141
176 77
176 121
176 43
176 19
176 26
176 63
176 116
176 166
176 53
176 189
176 162
176 108
176 193
176 156
176 151
176 130
176 97
176 163
176 79
176 181
176 17
176 38
176 32
176 47
176 33
176 119
176 197
176 25
176 23
177 81
177 152
177 157
177 194
177 171
177 83
177 180
177 39
177 93
177 76
177 147
177 167
177 100
177 111
177 125
177 36
177 145
177 96
177 51
177 156
177 89
177 174
177 84
177 186
177 55
177 47
177 151
177 23
177 65
177 118
177 90
177 162
177 126
177 164
177 1
177 190
178 147
178 162
178 36
178 59
178 101
178 34
178 18
178 54
178 119
178 89
178 134
178 22
178 33
178 125
178 199
178 94
178 45
178 68
178 95
178 41
178 38
178 145
178 118
178 74
178 161
178 20
178 191
178 164
178 149
179 104
179 62
179 157
179 161
179 151
179 137
179 18
179 169
179 186
179 152
179 51
179 61
179 145
179 180
179 86
179 13
179 195
179 155
179 114
179 168
179 124
179 87
179 107
179 122
179 84
179 29
179 74
179 123
179 75
179 9
179 31
179 113
179 19
179 183
179 7
179 76
179 81
179 103
179 127
180 174
180 187
180 28
180 81
180 117
180 51
180 57
180 61
180 179
180 196
180 177
180 130
180 47
180 190
180 56
180 34
180 97
180 60
180 132
180 100
180 136
180 4
180 124
180 15
180 102
180 44
180 59
180 25
180 54
180 185
180 14
180 45
180 78
180 168
180 23
180 83
180 65
180 137
180 138
180 165
180 42
180 122
180 76
180 58
181 97
181 153
181 71
181 120
181 133
181 126
181 26
181 101
181 117
181 166
181 86
181 132
181 188
181 141
181 144
181 165
181 123
181 176
181 45
181 6
181 102
181 98
181 34
181 143
181 118
181 41
181 115
181 0
181 38
181 148
181 185
181 183
181 114
181 60
181 44
181 74
181 190
182 0
182 22
182 73
182 109
182 16
182 33
182 137
182 145
182 121
182 146
182 65
182 120
182 21
182 97
182 122
182 45
182 77
182 76
182 157
182 44
182 112
182 11
182 114
182 148
182 17
182 140
182 108
182 48
182 103
182 24
182 98
182 131
182 125
182 117
182 61
182 29
182 13
182 26
182 171
182 49
182 23
182 96
182 68
182 79
183 2
183 122
183 162
183 65
183 69
183 73
183 187
183 141
183 57
183 145
183 50
183 26
183 155
183 106
183 150
183 129
183 171
183 132
183 94
183 54
183 164
183 38
183 99
183 33
183 31
183 60
183 120
183 119
183 195
183 198
183 179
183 166
183 56
183 52
183 35
183 62
183 194
183 181
183 53
183 116
183 36
183 152
183 117
183 186
183 125
184 150
184 66
184 54
184 136
184 190
184 24
184 63
184 81
184 80
184 23
184 61
184 67
184 87
184 41
184 57
184 131
184 127
184 106
184 98
184 105
184 125
184 101
184 11
184 142
184 166
184 173
184 174
184 36
184 135
184 90
184 199
184 3
184 155
185 4
185 162
185 53
185 168
185 197
185 22
185 112
185 59
185 73
185 32
185 123
185 165
185 96
185 161
185 51
185 155
185 186
185 41
185 143
185 121
185 103
185 83
185 171
185 129
185 180
185 5
185 18
185 70
185 111
185 67
185 181
185 107
185 102
185 55
185 77
185 124
185 56
185 159
186 7
186 17
186 59
186 173
186 137
186 104
186 179
186 28
186 107
186 91
186 8
186 5
186 65
186 191
186 43
186 76
186 48
186 72
186 99
186 185
186 55
186 161
186 138
186 154
186 62
186 177
186 163
186 96
186 115
186 134
186 36
186 112
186 53
186 190
186 32
186 153
186 160
186 183
186 58
187 37
187 160
187 180
187 69
187 110
187 183
187 175
187 25
187 104
187 158
187 4
187 63
187 31
187 79
187 153
187 156
187 26
187 82
187 165
187 88
187 127
187 19
187 192
187 173
187 198
187 7
187 144
187 6
187 154
187 190
187 48
187 65
187 167
187 11
187 155
187 114
187 52
187 90
187 12
187 108
188 12
188 25
188 18
188 156
188 48
188 47
188 145
188 193
188 89
188 197
188 4
188 164
188 68
188 37
188 117
188 139
188 27
188 112
188 123
188 60
188 44
188 81
188 59
188 181
188 191
188 20
188 155
188 135
188 138
188 118
188 125
188 39
188 172
188 93
188 130
188 154
188 131
188 136
188 83
188 0
188 86
188 55
188 45
188 29
188 141
188 169
188 15
188 79
188 192
188 174
188 189
189 21
189 113
189 114
189 88
189 149
189 162
189 94
189 11
189 127
189 62
189 76
189 128
189 121
189 36
189 110
189 64
189 176
189 139
189 103
189 37
189 75
189 46
189 195
189 13
189 53
189 70
189 57
189 47
189 156
189 196
189 141
189 85
189 133
189 125
189 17
189 122
189 154
189 104
189 147
189 170
189 188
190 14
190 158
190 82
190 126
190 173
190 70
190 168
190 184
190 101
190 118
190 167
190 114
190 180
190 88
190 152
190 110
190 103
190 33
190 74
190 135
190 81
190 98
190 23
190 134
190 13
190 55
190 143
190 193
190 115
190 64
190 142
190 35
190 187
190 80
190 162
190 132
190 42
190 137
190 4
190 54
190 83
190 127
190 100
190 186
190 124
190 181
190 177
191 75
191 196
191 173
191 2
191 3
191 25
191 50
191 19
191 18
191 72
191 144
191 145
191 186
191 97
191 170
191 60
191 59
191 33
191 135
191 188
191 83
191 64
191 36
191 158
191 111
191 132
191 38
191 45
191 123
191 136
191 143
191 102
191 131
191 11
191 126
191 198
191 31
191 128
191 178
191 150
191 100
192 196
192 159
192 78
192 149
192 28
192 23
192 34
192 92
192 168
192 12
192 116
192 170
192 54
192 9
192 31
192 85
192 56
192 5
192 112
192 108
192 125
192 100
192 150
192 142
192 157
192 55
192 126
192 130
192 187
192 135
192 199
192 50
192 40
192 3
192 164
192 96
192 154
192 140
192 1
192 68
192 188
192 175
192 105
192 131
192 4
192 160
192 47
193 6
193 69
193 46
193 7
193 64
193 117
193 188
193 10
193 56
193 18
193 124
193 111
193 123
193 87
193 94
193 114
193 93
193 61
193 176
193 8
193 74
193 34
193 30
193 23
193 96
193 175
193 109
193 190
193 106
193 142
193 149
193 97
193 98
193 194
193 86
193 52
193 129
193 103
193 25
193 139
193 115
193 57
193 116
193 163
194 79
194 152
194 46
194 97
194 148
194 67
194 114
194 156
194 177
194 124
194 5
194 104
194 68
194 33
194 119
194 109
194 19
194 144
194 0
194 45
194 116
194 3
194 102
194 63
194 151
194 9
194 29
194 111
194 42
194 164
194 98
194 57
194 193
194 183
194 28
194 129
194 39
194 167
194 53
194 89
195 55
195 6
195 47
195 118
195 157
195 154
195 73
195 179
195 24
195 139
195 125
195 44
195 89
195 99
195 163
195 96
195 149
195 12
195 142
195 46
195 14
195 35
195 189
195 136
195 150
195 199
195 183
195 27
195 128
195 169
195 175
195 121
195 5
195 130
195 28
195 39
195 141
195 70
196 192
196 12
196 10
196 38
196 191
196 107
196 65
196 180
196 72
196 117
196 20
196 92
196 15
196 80
196 49
196 106
196 97
196 98
196 16
196 159
196 118
196 21
196 77
196 169
196 40
196 174
196 42
196 123
196 197
196 126
196 41
196 95
196 189
196 135
196 69
196 73
196 83
196 103
196 141
196 25
197 60
197 127
197 71
197 72
197 185
197 188
197 4
197 47
197 134
197 75
197 150
197 62
197 159
197 0
197 141
197 136
197 126
197 144
197 196
197 25
197 128
197 111
197 118
197 70
197 11
197 39
197 13
197 176
197 173
197 74
198 34
198 165
198 109
198 106
198 33
198 68
198 73
198 122
198 147
198 81
198 170
198 88
198 108
198 82
198 85
198 100
198 148
198 92
198 4
198 75
198 69
198 98
198 38
198 141
198 64
198 105
198 160
198 151
198 187
198 77
198 52
198 172
198 57
198 183
198 46
198 134
198 146
198 191
198 116
198 60
198 70
198 20
198 107
198 142
199 14
199 81
199 96
199 54
199 2
199 49
199 80
199 10
199 36
199 169
199 24
199 34
199 158
199 72
199 47
199 74
199 135
199 91
199 178
199 192
199 161
199 95
199 121
199 94
199 195
199 35
199 64
199 98
199 25
199 48
199 45
199 16
199 184
199 40
199 8
199 61

